type2, x = 20, y = 25
11155.696367 0.453715
10400.535389 0.505339
9986.046373 0.533707
9680.100696 0.553590
9440.230263 0.567708
9240.426316 0.580352
9066.994459 0.589786
8905.695788 0.598827
8752.819527 0.608818
8606.877046 0.616450
8469.347418 0.624771
8339.298365 0.631715
8222.990987 0.638234
8107.633495 0.643311
7997.574573 0.648945
7894.007891 0.653564
7797.669207 0.658314
7707.778970 0.662605
7623.096727 0.665815
7542.000137 0.669779
7464.862720 0.673185
7393.498246 0.676690
7323.175191 0.680130
7255.551589 0.682980
7194.173092 0.685764
7132.856315 0.688745
7074.317114 0.692348
7019.325594 0.694772
6966.375934 0.697786
6910.320203 0.700308
6861.986074 0.702666
6814.106588 0.704304
6767.941157 0.706925
6736.329067 0.708825
6710.886244 0.710397
6672.025801 0.712199
6624.597171 0.715212
6587.685889 0.715802
6538.900188 0.717472
6481.688261 0.721240
6440.340933 0.722222
6403.001897 0.723631
6371.419690 0.724941
6351.163922 0.727103
6326.068346 0.728348
6314.374723 0.727824
6309.186962 0.728217
6323.865637 0.728544
6312.829847 0.729232
6294.193086 0.730018
6270.241748 0.730248
6221.279025 0.731558
6221.678377 0.731558
6186.831498 0.733360
6130.602204 0.734604
6096.989714 0.736635
6075.357948 0.737683
6075.232656 0.737683
6077.459384 0.739387
6062.068877 0.740304
6073.881005 0.739583
6011.105662 0.740632
6014.421060 0.741647
6012.000228 0.742302
5933.935560 0.744530
5918.343404 0.746528
5885.675631 0.747445
5869.039711 0.748624
5798.167748 0.750884
5783.500532 0.752260
5770.799893 0.751540
5745.235204 0.752522
5715.681183 0.753472
5762.389636 0.752981
5765.146388 0.752915
5658.963881 0.757338
5705.453312 0.755667
5666.271764 0.755208
5705.614924 0.756617
5699.046685 0.755831
5702.506810 0.755601
5703.096340 0.755438
5677.425061 0.754717
5693.580674 0.756781
5624.952805 0.757272
5658.181517 0.755732
5619.558203 0.757894
5574.695039 0.760220
5612.674935 0.759303
5569.166332 0.759499
5610.516288 0.758287
5459.730971 0.762710
5547.922018 0.760155
5466.273593 0.760515
5436.345893 0.761694
5421.111828 0.762022
5629.040322 0.758320
5532.557924 0.761072
5439.917989 0.763037
5584.592679 0.757763
5451.984749 0.764380
5430.676509 0.761792
5401.199680 0.763004
5535.294174 0.759696
5338.339721 0.766477
5343.482377 0.766542
5395.209561 0.763561
5323.389983 0.766378
5366.066175 0.765166
5329.108658 0.765723
5281.533259 0.766346
5408.286111 0.763430
5408.183690 0.763299
5358.458134 0.765953
5318.292624 0.765953
5366.883714 0.764380
5442.591393 0.765723
5348.458270 0.768868
5285.947401 0.769654
5261.283848 0.768999
5405.462320 0.764610
5302.254378 0.767623
