1 12 27 16 9 30
2 17 29 11 19 18
3 22 19 20 15 18
4 16 22 15 8 33
5 18 24 14 9 29
6 29 19 12 11 23
7 13 32 12 15 22
8 10 27 12 15 30
9 8 27 15 11 33
10 11 24 16 13 30
11 19 28 11 19 17
12 12 33 8 15 26
13 13 21 16 12 32
14 15 28 11 15 25
15 16 26 14 12 26
16 15 24 10 10 35
17 18 24 13 17 22
18 14 32 10 18 20
19 15 33 7 19 20
20 16 33 8 13 24
21 23 30 8 15 18
22 22 34 6 18 14
23 20 32 7 12 23
24 18 33 9 16 18
25 8 25 17 14 30
26 16 18 21 16 23
27 18 30 9 19 18
28 11 8 33 3 39
29 27 15 16 12 24
30 19 21 15 8 31
31 20 27 10 16 21
32 13 10 27 2 42
33 20 28 11 5 30
34 18 21 20 14 21
35 16 29 8 23 18
36 14 20 18 10 32
37 23 18 16 15 22
38 20 25 14 10 25
39 14 34 7 15 24
40 13 18 23 13 27
41 18 27 13 10 26
42 16 27 13 15 23
43 24 26 6 18 20
44 20 31 7 11 25
45 18 22 15 9 30
46 24 22 11 12 25
47 14 27 12 13 28
48 20 27 8 12 27
