377015.453578 0.140561
112236.550883 0.482743
105772.579609 0.517475
102206.994447 0.535766
99698.534685 0.549207
97746.736477 0.559764
96130.022133 0.568864
94748.317438 0.576345
93547.200542 0.583108
92489.612194 0.588836
91545.154016 0.593929
90692.285193 0.598333
89916.890188 0.602822
89206.631981 0.606693
88551.570042 0.610311
87944.208892 0.613918
87379.586356 0.617046
86852.346022 0.619868
86357.477339 0.622352
85892.290290 0.624686
85455.244946 0.626957
85044.363639 0.629126
84657.588496 0.631253
84293.907327 0.632733
83952.651787 0.634475
83633.300080 0.636063
83335.345069 0.637755
83058.438404 0.639429
82802.058775 0.640917
82563.604880 0.642423
82339.243390 0.643501
82126.793201 0.644675
81924.972874 0.645843
81733.471438 0.647045
81552.481848 0.648112
81381.986410 0.648948
81223.162388 0.649932
81077.327861 0.651271
80945.011657 0.652076
80824.360425 0.652861
80712.269849 0.652864
80606.613237 0.653556
80506.295280 0.654333
80410.253089 0.654574
80318.773825 0.655187
80233.438979 0.655853
80156.875479 0.656386
80089.660984 0.657104
80029.948900 0.657311
79977.435567 0.657815
79935.364502 0.658059
79903.550267 0.658368
79880.245483 0.658726
79865.292643 0.658856
79859.754212 0.659290
79863.821904 0.659367
79876.942887 0.659528
79896.237052 0.659588
79918.836356 0.659698
79934.118995 0.659868
79932.021666 0.660027
79918.137516 0.660294
79901.919902 0.660472
79886.865328 0.660844
79871.528677 0.661258
79855.725813 0.661332
79841.335873 0.661544
79824.857981 0.661544
79817.477608 0.661760
79821.213937 0.661916
79828.262745 0.662392
79835.461681 0.662475
79849.410418 0.662282
79862.278536 0.662358
79871.342054 0.662483
79878.723361 0.662653
79905.558064 0.662837
79949.028239 0.662769
79980.290339 0.662894
79998.531706 0.663124
80006.253109 0.663008
80026.776235 0.663246
80073.133186 0.662894
80129.759373 0.662906
80173.259559 0.662823
80196.206692 0.663223
80245.298538 0.663050
