155415.039602 0.156542
61193.008815 0.458976
57028.256805 0.507311
55266.149216 0.524178
54161.684712 0.534207
53338.283779 0.541974
52687.756840 0.547571
52157.096389 0.552437
51710.038732 0.556886
51329.326901 0.557397
51003.321832 0.560846
50718.880552 0.563911
50467.164277 0.566476
50241.341040 0.568986
50036.745225 0.571183
49850.545614 0.572979
49679.469915 0.575297
49522.576001 0.576912
49378.571760 0.578098
49247.538123 0.579131
49129.571623 0.580762
49022.393888 0.581531
48924.536764 0.582629
48834.807485 0.583618
48752.232155 0.584541
48675.933269 0.585392
48605.825234 0.586364
48541.752907 0.587012
48483.184707 0.587298
48430.486650 0.587913
48383.476934 0.588320
48340.172862 0.589105
48301.155094 0.589660
48266.740952 0.589819
48236.815698 0.590280
48209.041027 0.590665
48184.496141 0.591401
48162.847310 0.591621
48144.242319 0.591895
48128.284232 0.592137
48115.570410 0.592499
48104.832154 0.592725
48094.888998 0.592796
48087.725945 0.592791
48081.484640 0.592939
48077.265123 0.593109
48074.640282 0.593175
48072.833533 0.593345
48073.220853 0.593450
48074.126995 0.593603
48076.475899 0.593763
48080.569747 0.593790
48084.916441 0.593680
48090.747883 0.593625
48095.873347 0.593763
48101.930587 0.593933
48107.651891 0.594070
48113.136470 0.594290
48119.905817 0.594449
48126.631718 0.594350
48135.641629 0.594433
48146.339480 0.594477
48158.364442 0.594488
48171.651412 0.594543
48183.085911 0.594642
48198.304216 0.594543
48211.877860 0.594587
48226.994957 0.594718
48243.916362 0.594702
48263.971484 0.594889
48283.091218 0.594955
48292.297694 0.594565
48314.077481 0.594878
48317.443729 0.594466
48341.659982 0.594894
48348.301127 0.594405
