300314.469234 0.168774
110262.675495 0.492969
103239.888485 0.530287
99603.935702 0.549958
97040.422009 0.563647
95024.703765 0.575083
93374.274533 0.584427
91979.036906 0.591885
90767.581120 0.598642
89692.734385 0.604966
88726.400899 0.610501
87849.527948 0.615285
87044.166256 0.619499
86300.096479 0.623551
85615.844340 0.627277
84986.002028 0.630505
84407.239919 0.633885
83876.180998 0.636752
83392.072455 0.639270
82953.833178 0.642029
82559.320478 0.644073
82203.354887 0.645988
81880.108984 0.647905
81582.858574 0.649424
81303.783472 0.650950
81037.411697 0.652317
80781.140220 0.653877
80536.163361 0.655320
80305.901798 0.656701
80093.195009 0.657935
79898.312928 0.659066
79721.630843 0.660166
79559.542015 0.661054
79406.671834 0.661879
79261.809640 0.662509
79127.784765 0.663368
79005.429466 0.664150
78892.074253 0.664990
78784.787379 0.665719
78687.258420 0.666623
78603.741836 0.667213
78534.720002 0.667922
78477.784271 0.668242
78431.932755 0.668509
78394.967394 0.668586
78364.043731 0.669093
78334.885369 0.669524
78305.971353 0.669796
78290.597964 0.669989
78295.620197 0.670230
78317.971325 0.670500
78344.966798 0.670213
78369.947684 0.670519
78388.946257 0.670468
78397.798516 0.670500
78401.955251 0.670451
78406.078737 0.670415
78405.247359 0.670590
78402.650165 0.670902
78414.030033 0.670851
78436.326067 0.670908
78458.066428 0.670755
78476.081272 0.670809
78487.318264 0.670763
78503.012408 0.670882
78527.264219 0.670851
