299379.992808 0.150580
126850.072763 0.379937
114916.283727 0.462629
109706.885136 0.493581
106885.853916 0.509303
104789.684877 0.521729
103037.691279 0.532346
101481.849885 0.540601
100064.641202 0.548257
98770.885097 0.555820
97596.597110 0.562563
96523.749173 0.565317
95534.256488 0.571292
94615.913282 0.576762
93762.316762 0.581469
92967.899779 0.585805
92227.177063 0.590044
91535.294708 0.594071
90886.983768 0.597477
90276.876313 0.600769
89701.292052 0.604087
89158.960420 0.607337
88649.165373 0.613124
88169.384922 0.615742
87717.946782 0.619215
87293.733877 0.621504
86893.514773 0.623653
86513.347736 0.625111
86150.184646 0.627241
85802.069648 0.629311
85467.657400 0.631066
85147.038268 0.632884
84840.107463 0.634381
84546.289692 0.635960
84264.947362 0.637370
83995.822261 0.638697
83739.246583 0.640157
83495.965423 0.641476
83265.778156 0.642522
83048.554249 0.643886
82843.412522 0.645296
82648.412204 0.646393
82462.132827 0.647516
82284.348617 0.648503
82115.843975 0.649237
81957.185579 0.650176
81807.548729 0.651526
81666.015151 0.652453
81531.707204 0.653349
81403.248447 0.653993
81279.654709 0.654594
81161.608747 0.654722
81050.032131 0.652601
80944.499737 0.653278
80844.126744 0.653774
80748.315501 0.654464
80657.608457 0.655136
80571.856721 0.655530
80490.902378 0.655950
80413.317283 0.656432
80341.205874 0.657112
80280.891522 0.657532
80231.979425 0.657883
80194.904240 0.658110
80171.020390 0.658788
80158.582785 0.658970
80153.902863 0.659140
80153.352321 0.659381
80153.966150 0.659747
80153.146102 0.660518
80151.008175 0.660651
80148.182821 0.660932
80144.054193 0.661159
80136.893233 0.661428
80125.071292 0.661610
80108.694739 0.661853
80088.126416 0.662211
80064.891702 0.662574
80038.598105 0.662900
80010.130812 0.663200
79982.854077 0.663490
79960.654855 0.663907
79944.669178 0.664247
79935.130529 0.664482
79933.412860 0.664547
79938.364937 0.664814
79951.389534 0.664822
79972.705472 0.664851
80002.839625 0.664905
80040.403743 0.665038
80085.471934 0.664970
80132.366558 0.665007
80178.699998 0.665032
80227.742674 0.665089
80275.348028 0.665064
80319.475782 0.665168
80352.398098 0.665146
80380.082676 0.665208
80413.907187 0.665387
80455.830915 0.665341
80505.444126 0.665120
80563.008196 0.665143
80619.487557 0.665381
80681.442177 0.665384
