299301.615970 0.149551
112704.335697 0.477880
105295.543111 0.518825
101595.606059 0.539279
99088.937445 0.553001
97192.099257 0.563312
95670.702641 0.571598
94390.253303 0.578925
93285.426367 0.585518
92312.365389 0.590932
91444.522460 0.595764
90667.299275 0.600060
89966.065142 0.604864
89326.290565 0.608258
88737.702940 0.611610
88190.947719 0.615070
87680.753701 0.618016
87203.086930 0.620625
86756.774637 0.623446
86341.478499 0.625769
85957.789578 0.627708
85605.692229 0.629954
85283.607534 0.631644
84987.268509 0.633397
84714.484381 0.635039
84463.190001 0.636494
84230.590755 0.637767
84013.142598 0.638791
83809.405872 0.639885
83617.902697 0.641011
83436.811976 0.642018
83266.296179 0.643197
83105.684514 0.643957
82955.992702 0.645060
82818.657982 0.645979
82690.297247 0.646733
82569.390072 0.647612
82457.349264 0.648143
82354.582661 0.648650
82262.726798 0.649249
82181.488573 0.649932
82109.179752 0.650644
82045.341494 0.651154
81987.632016 0.651724
81938.473323 0.651741
81898.941079 0.652246
81872.066567 0.652515
81858.129757 0.653012
81850.110354 0.653318
81845.990232 0.653429
81847.175317 0.653655
81857.057282 0.654237
81876.591612 0.654444
81901.494304 0.654622
81928.243150 0.654696
81957.596841 0.654744
81995.433089 0.654313
82047.827242 0.654427
82111.159340 0.654452
82183.492778 0.654571
82263.329241 0.654631
