300952.606079 0.158597
116254.378539 0.481671
111055.868122 0.504377
108552.024428 0.515459
106985.055336 0.523578
105913.158628 0.529173
105146.330191 0.533375
104581.732450 0.536696
104158.533079 0.539288
103840.517296 0.541619
103600.157687 0.543056
103422.341880 0.544182
103292.816071 0.545149
103201.271057 0.546071
103140.252539 0.546808
103103.656924 0.547534
103087.543448 0.548308
103089.650963 0.548705
103107.858380 0.549128
103139.857743 0.549445
103184.481529 0.549859
103241.191256 0.550001
103308.971183 0.549570
103386.650661 0.549672
103473.334841 0.549831
103568.554238 0.549630
103671.321410 0.549647
