300876.132964 0.161571
120939.038749 0.470572
114458.338801 0.496621
111337.473354 0.509569
109426.030994 0.517600
108158.554998 0.523836
107252.266050 0.528404
106601.013615 0.531835
106133.821438 0.534138
105789.578984 0.536310
105530.711878 0.538102
105342.420388 0.539588
105198.964203 0.540728
105088.929956 0.541633
105024.309333 0.542376
104985.928310 0.542617
104985.277749 0.543204
105013.659979 0.543136
105052.941140 0.543326
105119.479465 0.543711
105196.865935 0.543289
105269.496022 0.543377
105340.061630 0.543405
105433.316496 0.543425
105529.663431 0.543479
