300938.170984 0.160020
116043.124410 0.484694
111164.838016 0.508171
108757.139639 0.516834
107184.023808 0.525472
106040.215648 0.531382
105206.984595 0.535661
104554.858351 0.539166
104037.121430 0.542665
103629.906173 0.544868
103312.270066 0.546609
103064.194429 0.548268
102875.960910 0.549641
102735.806379 0.550585
102624.877429 0.551575
102543.725933 0.552329
102487.239643 0.552718
102456.254316 0.553149
102441.962327 0.553393
102432.540271 0.553668
102435.045278 0.554093
102456.107314 0.554399
102490.111723 0.554377
102530.140569 0.554416
102575.379112 0.554856
102627.069688 0.555108
102686.792664 0.555119
102751.491310 0.555179
102825.004991 0.555085
102911.763600 0.555037
102998.707794 0.555037
103098.535797 0.555034
103181.775967 0.554992
