384086.893279 0.153229
111631.579506 0.488287
104094.483620 0.525877
99897.484977 0.547455
96937.113005 0.563476
94647.692823 0.576300
92774.443477 0.586806
91173.646817 0.595588
89762.035282 0.603622
88505.651185 0.610334
87381.930826 0.615813
86373.504777 0.621288
85463.674188 0.626200
84633.321133 0.630635
83869.614872 0.634648
83162.389317 0.638198
82502.754945 0.641606
81889.813257 0.644964
81323.459824 0.648018
80799.838096 0.650865
80312.599195 0.653463
79856.200997 0.655518
79428.295728 0.657764
79027.239622 0.659721
78648.035972 0.661808
78289.337881 0.663393
77955.043432 0.665052
77645.434932 0.666569
77356.664090 0.668140
77084.214779 0.669663
76827.178492 0.670894
76586.155460 0.672195
76361.113994 0.673157
76149.767384 0.674141
75949.010259 0.675196
75757.918498 0.676231
75578.528709 0.677215
75412.275834 0.678099
75259.708730 0.678885
75119.139240 0.679435
74986.681674 0.680164
74862.465659 0.680649
74749.914428 0.681284
74650.561686 0.681834
74563.859230 0.682282
74485.037870 0.682866
74408.454320 0.683241
74333.947737 0.683805
74264.000062 0.684310
74200.392389 0.684712
74147.703103 0.685081
74109.391246 0.685520
74084.067169 0.685900
74067.990494 0.686332
74057.863622 0.686663
74046.516719 0.687015
74037.530686 0.687103
74027.944876 0.687335
74013.931910 0.687449
73999.631475 0.687466
73983.909809 0.687849
73970.505916 0.687900
73960.755841 0.688067
73942.434715 0.688220
73917.922758 0.688297
73904.405131 0.688169
73912.759176 0.688532
73928.389015 0.688424
73930.422994 0.688501
73926.850096 0.688461
73937.394107 0.688558
73955.197327 0.688234
73984.793430 0.688152
74015.167873 0.688186
74053.133752 0.688382
74111.356190 0.688257
