300302.388211 0.177381
120950.691712 0.424798
111170.842160 0.481816
107082.626856 0.503903
104169.015288 0.521190
101254.036851 0.540578
99182.448629 0.553089
97421.565600 0.562722
95882.865474 0.571181
94504.541367 0.578667
93262.126245 0.585745
92135.194038 0.592123
91106.571485 0.598223
90165.754797 0.603537
89301.281708 0.608448
88498.445845 0.612421
87743.424849 0.616754
87029.119837 0.620792
86351.992831 0.624566
85709.554837 0.628088
85104.063225 0.631384
84533.239474 0.634097
83992.017087 0.637081
83477.580837 0.639987
82991.347183 0.642729
82536.435709 0.644953
82111.768307 0.647354
81713.350471 0.649376
81337.518831 0.651455
80981.735404 0.653332
80643.887706 0.655433
80322.735644 0.656948
80018.304313 0.658703
79729.508065 0.660090
79455.420114 0.661309
79195.139550 0.662767
78949.204704 0.664071
78717.011624 0.665560
78498.853557 0.666929
78297.411242 0.668101
78110.467402 0.669062
77937.523016 0.670230
77778.702504 0.671194
77634.883592 0.672051
77505.364779 0.672887
77386.932744 0.673534
77276.820061 0.674464
77174.073105 0.674872
77080.096079 0.675629
76997.339389 0.676321
76925.315844 0.676837
76860.728869 0.677223
76800.752860 0.677770
76743.522228 0.678298
76690.449562 0.678899
76644.258889 0.679288
76606.835799 0.679625
76574.567326 0.679965
76545.400879 0.680147
76517.415750 0.680507
76490.837656 0.680856
76465.236635 0.681159
76438.751871 0.681556
76416.605481 0.682058
76402.674248 0.682438
76400.497655 0.682469
76409.799860 0.682662
76430.958461 0.682818
76459.320209 0.682951
76486.630326 0.683107
76511.382530 0.683181
76536.125681 0.683311
76560.580992 0.683439
76579.685120 0.683445
76601.210527 0.683683
76624.369369 0.683811
76660.619912 0.683884
76711.352572 0.683802
76776.028359 0.683952
76816.315607 0.684080
76840.274820 0.684281
76875.428407 0.684443
76917.173707 0.684644
76958.679720 0.684863
77023.875776 0.684951
77102.429171 0.684823
77180.970646 0.684661
77230.160340 0.684894
77296.280938 0.684701
77302.524477 0.685101
77310.663033 0.685092
77385.213599 0.685041
77453.317696 0.685155
77552.694805 0.684899
77576.834305 0.685455
77586.425451 0.685787
77618.393393 0.685716
77652.571625 0.685940
77701.153532 0.685682
77775.907368 0.685787
77790.066190 0.685903
77893.865740 0.685920
77963.745996 0.685665
