300302.388211 0.177381
134169.017670 0.318847
126324.550322 0.386033
121654.952545 0.421208
118498.224500 0.441838
116002.354311 0.457491
114050.783062 0.470691
112555.799381 0.479678
111384.169548 0.486214
110474.884276 0.491191
109731.629834 0.495342
109072.487006 0.498569
108466.768934 0.501754
107902.196818 0.505211
107373.142512 0.507905
106872.912891 0.510703
106395.652800 0.513962
105938.128083 0.516191
105498.364093 0.518388
105075.371111 0.520878
104668.095902 0.523127
104276.467188 0.525676
103900.449505 0.527786
103539.389219 0.529703
103191.917101 0.532286
102855.972224 0.534274
102529.097241 0.536554
102209.377721 0.538346
101896.294764 0.540337
101590.541950 0.542228
101292.704371 0.543706
101003.499415 0.545234
100724.204806 0.546964
100456.323444 0.548416
100200.972800 0.549649
99958.299794 0.551067
99728.096856 0.552431
99509.951124 0.553563
99303.146451 0.554759
99106.761064 0.556064
98919.810321 0.557153
98741.188174 0.558046
98568.519448 0.559072
98403.031225 0.559997
98245.436042 0.560887
98095.654463 0.561761
97953.250363 0.562674
97817.055076 0.563664
97686.241825 0.564577
97559.589891 0.565362
97437.087058 0.566051
97319.033550 0.566936
97204.678112 0.567755
97093.784975 0.568584
96986.218087 0.569406
96880.996767 0.570313
96779.553917 0.570812
96681.325550 0.571286
96587.441490 0.571847
96498.089293 0.572372
96413.451779 0.573013
96332.460353 0.573450
96255.592431 0.573915
96182.614424 0.574085
96113.610788 0.574431
96047.714058 0.574615
95983.324786 0.575704
95920.313895 0.576121
95857.640841 0.576543
95797.864204 0.576858
95739.559519 0.577326
95682.712177 0.577805
95628.391463 0.578245
95576.989038 0.578613
95527.304794 0.578747
95479.633836 0.579149
95433.560641 0.579371
95388.939202 0.579629
95346.683037 0.580020
95306.663235 0.580335
95267.257860 0.580684
95229.590632 0.580874
95194.203262 0.581055
95161.155361 0.581248
95132.844789 0.581418
95105.543346 0.581517
95077.940827 0.581778
95055.791227 0.581781
95033.688878 0.581809
95011.903909 0.581897
94992.479043 0.582053
94974.989706 0.582206
94953.688998 0.582133
94938.796099 0.582257
94921.470695 0.582453
94904.376330 0.582507
94889.026489 0.582620
94877.634343 0.582584
94864.791009 0.582674
94854.181769 0.582620
94842.494133 0.582754
94830.262304 0.582904
94819.833827 0.583071
94808.784869 0.583100
94799.402818 0.583156
94793.088384 0.583012
94785.847315 0.583165
94785.789354 0.583134
94778.073827 0.583168
94773.395682 0.583236
94770.763516 0.583145
94774.118509 0.583247
94772.341193 0.583216
94769.833385 0.582998
94766.544147 0.583179
94765.893018 0.583066
94765.750224 0.583105
