377015.453578 0.140561
112353.633263 0.482094
105971.929972 0.516525
102467.021534 0.534424
100001.984014 0.547622
98088.110644 0.558080
96503.338442 0.566961
95147.467354 0.574184
93972.476600 0.580902
92942.135944 0.586463
92022.194412 0.591465
91190.441959 0.595767
90433.284348 0.599887
89738.858115 0.603999
89097.672058 0.607685
88502.510180 0.610904
87947.966799 0.613850
87429.873887 0.616419
86944.556658 0.618765
86488.649244 0.621464
86060.258442 0.623597
85659.244022 0.625740
85285.144009 0.627405
84935.313992 0.629379
84605.905108 0.631199
84293.541608 0.632918
83996.552859 0.634534
83715.161135 0.636014
83450.577729 0.637571
83202.658542 0.639131
82969.692565 0.640154
82750.159252 0.641280
82542.802499 0.642582
82346.570340 0.643597
82160.914280 0.644411
81985.114608 0.645281
81816.817321 0.646141
81654.300708 0.647057
81497.984011 0.648049
81349.754140 0.648829
81210.600674 0.649708
81080.051903 0.650312
80956.756390 0.651072
80839.801246 0.652291
80729.871457 0.652796
80628.399690 0.653630
80535.593512 0.654282
80450.390920 0.654810
80372.093008 0.655073
80301.512639 0.655493
80236.944330 0.655998
80176.364095 0.656358
80119.050039 0.656633
80063.238690 0.657004
80007.787067 0.657353
79954.765768 0.657674
79907.215071 0.657878
79863.764213 0.658147
79821.442647 0.658445
79779.175032 0.658893
79738.791164 0.659233
79703.500809 0.659713
79676.110854 0.659996
79658.336831 0.660217
79648.038752 0.660300
79642.627361 0.660319
79639.991950 0.660161
79639.543517 0.660396
79644.142777 0.660529
79653.868322 0.660643
79666.846543 0.660833
79678.776065 0.661042
79687.322299 0.660904
79693.943398 0.661108
79701.443342 0.661170
79708.944872 0.661190
79713.773035 0.661181
79719.452395 0.661122
79729.973540 0.661346
79742.771582 0.661417
79752.432277 0.661456
79762.442286 0.661366
79778.405545 0.661539
79798.960728 0.661720
79821.487682 0.661720
79844.680280 0.661527
79871.748017 0.661215
79901.630455 0.661360
79922.591730 0.661207
