300938.170984 0.160020
116049.633361 0.484090
111215.975567 0.507542
108836.642926 0.515802
107288.739803 0.524012
106153.732510 0.530188
105324.305829 0.534387
104680.384753 0.537782
104175.555771 0.541179
103779.315896 0.543433
103468.718802 0.544874
103225.739135 0.546312
103036.094842 0.547622
102895.564231 0.548705
102796.501467 0.549837
102725.761127 0.550324
102671.184544 0.550588
102634.216602 0.551076
102613.887096 0.551612
102609.006555 0.551943
102619.038455 0.552253
102640.389347 0.552409
102667.191204 0.552624
102697.646002 0.552616
102732.495041 0.552797
102772.338970 0.553049
102817.385762 0.553035
102866.798650 0.552959
102922.619887 0.552939
102983.572313 0.552944
103049.075766 0.552882
