300314.469234 0.168774
114904.471157 0.466151
107758.021949 0.506938
104462.571699 0.524760
102302.368885 0.536545
100662.743764 0.545526
99323.387341 0.553154
98194.341913 0.559308
97217.174757 0.564741
96352.690031 0.569102
95578.077533 0.574255
94874.977664 0.578052
94229.822426 0.581784
93634.977906 0.585501
93084.505158 0.588567
92573.291651 0.591323
92097.825060 0.594122
91655.102410 0.596606
91242.195422 0.599017
90856.107021 0.601024
90495.089163 0.603038
90158.002700 0.604915
89843.075971 0.606058
89548.239969 0.607592
89271.313064 0.609293
89010.210263 0.610887
88763.372822 0.612430
88529.730596 0.614020
88308.617970 0.615348
88099.325051 0.616553
87900.848752 0.617610
87711.910789 0.619048
87531.658673 0.620083
87359.778134 0.621240
87196.105920 0.622105
87039.751236 0.622967
86890.131858 0.623917
86747.154509 0.624810
86610.816058 0.625499
86481.073239 0.626180
86357.799625 0.626702
86240.496870 0.627368
86128.750288 0.627967
86022.042908 0.628502
85920.427415 0.629132
85824.329392 0.629745
85733.479243 0.630332
85647.930265 0.630831
85567.996871 0.631375
85494.079403 0.631883
85426.349040 0.632078
85364.515260 0.632478
85307.913424 0.632929
85255.991280 0.633215
85208.490735 0.633408
85165.864669 0.633275
85128.706481 0.633567
85096.700660 0.633780
85068.746810 0.634177
85043.939090 0.634316
85022.467055 0.634384
85004.399613 0.634415
84991.472113 0.634648
84982.321769 0.634667
84976.805891 0.634806
84974.962838 0.634806
84975.226638 0.634925
84978.321444 0.634863
84983.100269 0.634710
84988.379444 0.634704
84993.964096 0.634577
84999.550006 0.634432
