300876.132964 0.161571
120863.302252 0.470652
114421.807150 0.496409
111327.335306 0.509070
109396.877321 0.517149
108133.099861 0.523388
107228.872739 0.527786
106572.853571 0.531220
106092.531892 0.533486
105735.092532 0.535666
105464.159346 0.537155
105256.748089 0.538703
105095.558661 0.539954
104980.661399 0.540731
104899.387183 0.541661
104853.799432 0.542206
104838.945711 0.542466
104838.181823 0.542759
104865.138871 0.542866
104902.747100 0.542943
104952.266042 0.543357
105001.373614 0.543221
105048.829811 0.543093
105126.245403 0.543039
105187.737287 0.542713
105270.542785 0.543136
