377015.453578 0.140561
113438.545022 0.476003
107743.820553 0.507221
104827.572305 0.522188
102784.996744 0.532737
101231.181462 0.541437
99976.326211 0.548013
98917.727937 0.554110
98003.090948 0.559648
97200.729775 0.564256
96488.446711 0.568155
95849.028643 0.572117
95267.980551 0.575520
94734.589200 0.578355
94241.725863 0.580766
93784.506789 0.583363
93359.489647 0.585476
92963.672048 0.587631
92593.882661 0.589749
92247.097725 0.591953
91920.910336 0.593915
91613.074503 0.595651
91321.626997 0.597423
91045.363913 0.599039
90783.363454 0.600701
90534.808511 0.602329
90299.278973 0.602825
90076.486091 0.603971
89866.014523 0.605145
89667.266700 0.606160
89479.661160 0.607348
89303.120017 0.608400
89137.700083 0.609421
88982.971272 0.610496
88838.332364 0.611088
88703.043843 0.611766
88576.368002 0.612716
88457.615054 0.613419
88345.938279 0.613964
88240.269992 0.614477
88139.582014 0.615027
88043.302421 0.615481
87951.427035 0.616076
87864.477916 0.616422
87783.496546 0.616876
87708.885549 0.617333
87636.017620 0.617744
87563.375876 0.618396
87494.208611 0.618801
87429.793274 0.618991
87370.457887 0.619493
87316.340417 0.619774
87267.347767 0.620075
87223.124833 0.620222
87183.203780 0.620585
87147.194813 0.620965
87114.778981 0.621226
87085.698119 0.621322
87059.758215 0.621498
87036.648919 0.621702
87015.838532 0.622060
86996.588699 0.622105
86978.469777 0.622153
86961.655505 0.622287
86946.561096 0.622511
86933.603064 0.622681
86922.888602 0.622715
86914.400531 0.622737
86908.282468 0.622859
86904.476915 0.622865
86902.424934 0.622995
86901.372220 0.622976
86900.888646 0.623047
86900.615151 0.622859
86900.325547 0.622726
86900.215306 0.622806
86900.749022 0.622834
86901.853017 0.623013
