300952.606079 0.158597
116140.198249 0.479794
111176.750301 0.502137
108776.303951 0.512717
107284.320280 0.519520
106273.162471 0.524825
105552.385357 0.528333
105022.000298 0.531401
104621.659827 0.533877
104314.134121 0.535570
104078.628115 0.536959
103895.528879 0.538369
103756.103926 0.539163
103648.092376 0.539824
103570.225355 0.540473
103513.170325 0.540964
103470.850555 0.541267
103447.143850 0.541497
103436.529677 0.541627
103437.101862 0.541752
103446.858463 0.541735
103451.431467 0.541894
103474.087134 0.542061
103501.252347 0.541602
103549.368275 0.541539
103579.120562 0.541332
103631.509647 0.541287
103690.442607 0.541043
