300314.469234 0.168774
109825.362645 0.495342
102736.643527 0.533437
99062.986595 0.552956
96499.864841 0.566267
94472.279357 0.577805
92821.460605 0.587328
91432.618803 0.595208
90227.252613 0.601693
89163.659782 0.607623
88227.600395 0.612608
87396.017036 0.617415
86642.712821 0.621322
85952.494603 0.625015
85318.899812 0.628596
84734.661365 0.631860
84196.448787 0.634872
83698.012331 0.638076
83242.041205 0.640713
82829.428195 0.643070
82452.485926 0.644899
82106.841604 0.646881
81794.690144 0.648460
81515.433866 0.650085
81260.135615 0.651534
81019.255941 0.652929
80787.137727 0.654047
80566.078508 0.655414
80364.476194 0.656403
80178.732476 0.657399
80009.139916 0.658601
79855.444789 0.659781
79719.714363 0.660852
79604.480896 0.661785
79509.557908 0.662509
79433.434635 0.663164
79373.129511 0.663838
79329.484360 0.664199
79306.356471 0.665069
79303.541444 0.665268
79318.699546 0.665767
79348.958202 0.666067
79390.335962 0.666138
79428.832653 0.666479
79461.686602 0.666359
79498.963415 0.666691
79546.321561 0.667068
79595.537818 0.667179
79638.715463 0.667426
79658.168546 0.667114
79688.272267 0.667179
79732.031722 0.667678
79784.830401 0.667840
79833.522441 0.668225
79860.903245 0.668393
79933.290391 0.668095
80047.799116 0.667899
80225.695474 0.667573
80328.789228 0.667477
80336.843716 0.667602
