155415.039602 0.156542
61166.846657 0.459416
56993.915050 0.507563
55227.852752 0.524639
54116.516388 0.534504
53285.390404 0.542298
52629.998763 0.547944
52094.961104 0.553030
51642.927185 0.557375
51257.580145 0.558281
50928.260309 0.561802
50641.897721 0.564526
50388.044164 0.567437
50159.512999 0.569738
49951.784543 0.571924
49762.481876 0.574094
49588.416492 0.576170
49427.739821 0.577708
49281.288410 0.578927
49149.728669 0.580295
49030.534194 0.581448
48921.269943 0.582580
48820.480556 0.583563
48728.291679 0.584612
48644.561839 0.585464
48567.954798 0.586326
48497.579614 0.587161
48432.813471 0.587743
48373.720768 0.588391
48319.680659 0.589259
48270.019753 0.589704
48224.459028 0.590385
48183.949063 0.591445
48148.265904 0.591648
48115.220280 0.592049
48085.928178 0.592038
48059.549267 0.592401
48036.050570 0.592807
48013.712833 0.593137
47995.302613 0.593378
47981.596008 0.593417
47970.504314 0.593521
47960.406770 0.593763
47951.167566 0.593927
47941.775385 0.594416
47932.652305 0.594438
47926.069517 0.594620
47918.780228 0.594867
47914.579957 0.595048
47912.956107 0.595218
47913.725552 0.595251
47914.068829 0.595460
47916.729645 0.595520
47920.594928 0.595751
47927.523047 0.595806
47935.242258 0.596053
47947.571264 0.596322
47957.375289 0.596542
47975.571258 0.596630
47984.103877 0.596635
48013.995891 0.596652
48020.298288 0.596679
48047.237192 0.596855
48058.572221 0.597146
48075.777704 0.596943
48102.719756 0.597025
48098.086665 0.597141
48163.304992 0.596828
48142.766822 0.597267
48211.322052 0.597025
48168.891402 0.597498
48237.784961 0.597146
48258.294866 0.596987
48278.346116 0.596910
48322.588940 0.596657
48323.124924 0.596624
