299379.992808 0.150580
128397.108960 0.366416
116513.690737 0.452866
111055.370987 0.485077
108231.867950 0.501425
106163.262566 0.513434
104501.076525 0.522684
103060.039359 0.531640
101741.977734 0.539197
100510.777501 0.545716
99363.764529 0.552054
98299.445361 0.557950
97310.067571 0.563417
96387.364566 0.568388
95523.093981 0.573662
94710.116960 0.578384
93942.822463 0.583525
93219.337988 0.587929
92539.436618 0.591817
91902.716018 0.595327
91306.156486 0.598583
90745.606181 0.601676
90217.790159 0.604765
89719.637031 0.607416
89248.031928 0.610048
88800.098317 0.612483
88372.975851 0.615141
87964.370567 0.617154
87573.094049 0.619550
87197.596103 0.621575
86833.978467 0.623645
86482.686635 0.625913
86144.262691 0.627646
85818.876492 0.629135
85507.199517 0.630902
85209.315800 0.632563
84924.224705 0.634137
84650.316759 0.635941
84386.055570 0.637271
84130.437350 0.638776
83883.203262 0.640115
83645.160832 0.641246
83417.422047 0.642613
83200.391018 0.643597
82993.751247 0.644618
82796.760536 0.645931
82609.212136 0.646869
82430.778529 0.648129
82260.756161 0.649161
82098.276553 0.649878
81942.309101 0.650533
81791.263479 0.651540
81643.901386 0.652538
81499.899114 0.653468
81359.392152 0.654152
81222.861553 0.654889
81090.738381 0.655612
80963.545944 0.656199
80842.066570 0.656715
80727.926114 0.657404
80621.121767 0.658005
80520.516295 0.658567
80424.606525 0.658919
80331.737367 0.659367
80240.616092 0.659911
80150.866642 0.660546
80063.078277 0.660963
79977.919576 0.661332
79895.632751 0.661973
79816.126580 0.662285
79739.234798 0.662772
79665.499513 0.662707
79595.703548 0.663269
79530.791695 0.663592
79470.720536 0.663901
79414.851627 0.664306
79363.207451 0.664644
79314.458493 0.664919
79268.333927 0.665217
79224.254797 0.665486
79181.454209 0.665668
79139.607024 0.665806
79100.376714 0.665858
79065.579376 0.666169
79034.603996 0.666425
79006.769345 0.666379
78980.497298 0.666558
78955.461093 0.666714
78931.776779 0.666927
78909.274859 0.667275
78887.523247 0.667377
78866.516276 0.667704
78847.347999 0.667865
78831.834801 0.668027
78818.290380 0.668152
78805.605868 0.668120
78793.495378 0.668293
78782.336036 0.668506
78773.185002 0.668458
78767.285448 0.668696
78764.417573 0.668795
78763.684893 0.668980
78763.734784 0.669187
78763.287636 0.669340
78761.696713 0.669518
78759.058893 0.669635
78755.058712 0.669655
78748.532835 0.669845
78738.156491 0.669881
78724.794604 0.669972
78709.740565 0.670193
78694.112360 0.670406
78679.020692 0.670386
78666.577460 0.670389
78659.329872 0.670514
78657.824176 0.670511
78660.216941 0.670545
78663.749611 0.670599
78665.686484 0.670726
78664.587508 0.670596
78659.922377 0.670593
78648.953405 0.667984
78631.306622 0.668154
78609.319258 0.668293
