299301.615970 0.149551
113150.370115 0.474965
105748.622816 0.516001
102057.643767 0.536789
99564.120794 0.550503
97675.049439 0.560712
96144.837957 0.569139
94852.131247 0.576362
93728.284932 0.583321
92726.627665 0.589369
91822.887822 0.594057
91005.464519 0.598676
90260.040187 0.603324
89576.911544 0.607138
88949.513700 0.610606
88370.328721 0.613663
87833.576372 0.616570
87333.880361 0.619247
86865.455599 0.621909
86425.859331 0.624274
86015.534486 0.626305
85631.537882 0.628695
85270.615953 0.630746
84930.931639 0.632779
84612.207486 0.634483
84313.592743 0.635932
84034.020466 0.637611
83773.112906 0.639227
83528.107879 0.640500
83295.745777 0.641714
83074.146491 0.642783
82863.295031 0.644008
82663.026252 0.644805
82472.560975 0.645755
82292.176929 0.646714
82123.125736 0.647939
81965.972382 0.648653
81820.603068 0.649546
81686.105904 0.650312
81560.563875 0.651007
81443.034962 0.651668
81334.180582 0.652325
81233.479808 0.653006
81140.191760 0.653752
81053.702066 0.653786
80973.772144 0.654339
80899.272777 0.655093
80828.635113 0.655039
80760.834844 0.655533
80696.796283 0.655998
80638.151548 0.656613
80586.035326 0.656916
80540.988726 0.657220
80501.915204 0.657486
80466.215127 0.657815
80434.067336 0.658113
80408.133055 0.658357
80389.602587 0.658621
80377.651463 0.659111
80370.866361 0.659021
80367.273205 0.658910
80364.368504 0.659165
80361.698905 0.659168
80360.971507 0.659015
80362.898230 0.659182
80369.140989 0.659296
80380.828296 0.659364
80397.713039 0.659435
80418.967555 0.659571
80443.233176 0.659619
80468.522921 0.659778
80491.281187 0.660027
80508.195052 0.659976
80519.066267 0.660064
80527.095605 0.660390
80536.930161 0.660810
80548.580835 0.660705
80562.963580 0.660790
80575.657585 0.660611
80582.514364 0.660495
80584.534781 0.660382
