382150.060881 0.151504
115414.969269 0.468840
107585.545811 0.506095
104179.451356 0.524601
101813.359479 0.535610
99865.456430 0.546785
98160.010525 0.556506
96627.560337 0.565079
95234.988756 0.572372
93961.985029 0.579975
92791.185150 0.586627
91710.402126 0.592350
90707.352004 0.598126
89770.129337 0.602933
88890.774425 0.607685
88062.960367 0.611973
87281.055439 0.616045
86540.733326 0.619746
85838.447338 0.623455
85172.041705 0.626563
84540.747302 0.629838
83943.393930 0.632830
83377.678822 0.635544
82840.624014 0.638235
82328.414397 0.640971
81837.717958 0.643611
81366.348226 0.645908
80913.661025 0.647973
80479.489728 0.650230
80063.664056 0.652359
79665.887993 0.654390
79285.595545 0.656261
78921.876598 0.658201
78573.845073 0.659962
78240.880866 0.661431
77922.107520 0.663175
77616.927702 0.664964
77324.734351 0.666328
77044.762536 0.667712
76776.229486 0.668997
76518.758718 0.670321
76271.414732 0.671679
76032.856181 0.672819
75802.531060 0.673803
75581.165473 0.674898
75369.626576 0.676182
75168.327934 0.676954
74977.562853 0.678006
74797.202902 0.679010
74626.350543 0.679789
74464.025644 0.680515
74309.912483 0.681196
74162.853479 0.681757
74020.912892 0.681896
73883.123838 0.682719
73749.217744 0.683266
73619.322214 0.683853
73494.148839 0.684395
73373.993995 0.684905
73257.999974 0.685486
73146.026724 0.686011
73037.590150 0.687174
72932.807495 0.687695
72832.436722 0.688342
72736.119263 0.688719
72643.209206 0.689258
72553.546406 0.689768
72467.549652 0.690231
72386.118757 0.690772
72308.774665 0.691076
72234.550524 0.691388
72163.252454 0.691785
72094.205573 0.692162
72027.317062 0.692383
71962.748472 0.692718
71901.292374 0.693004
71842.218676 0.693472
71784.046375 0.693869
71725.852606 0.694158
71667.240936 0.694595
71609.048619 0.694946
71554.521031 0.695440
71504.339662 0.695814
71456.980442 0.696177
71411.406507 0.696254
71368.372916 0.696458
71328.305672 0.696713
71290.395546 0.696963
71255.294279 0.697204
71221.089693 0.697479
71184.995924 0.697499
71146.571026 0.697884
71107.922640 0.697516
71071.154530 0.697569
71038.534703 0.697794
71008.710704 0.698162
70981.057616 0.698457
70956.031326 0.698792
70932.971903 0.698914
70909.475155 0.699243
70883.799778 0.699489
70856.066177 0.699589
70826.410718 0.699787
70794.948113 0.700062
70763.364242 0.700848
70734.355315 0.700958
70712.698603 0.700984
70700.101258 0.700927
70694.614085 0.700978
70691.088801 0.701222
70689.953138 0.701321
70693.539108 0.701437
70700.000480 0.701576
70706.002917 0.701588
70709.793021 0.701718
70708.068929 0.702016
70705.704903 0.702041
70706.039855 0.701670
70708.707319 0.701715
70708.724641 0.701877
70702.136646 0.702115
70691.559338 0.702041
70682.904297 0.702070
70680.092495 0.702138
70681.243846 0.702056
70678.840806 0.702109
70669.496474 0.702183
70655.513533 0.702302
70643.110654 0.702265
70634.970000 0.702407
70626.884073 0.702722
70619.094032 0.702886
70616.211091 0.703116
70615.258301 0.703065
70615.769539 0.703252
70618.065536 0.703306
70619.397804 0.703275
70616.496173 0.703252
70616.056766 0.703349
70630.960393 0.703405
70660.909917 0.703210
70692.658828 0.703108
70723.179364 0.703085
70737.543657 0.703074
70733.067659 0.703116
