384086.893279 0.153229
124702.838652 0.414757
120530.257798 0.437621
118968.296448 0.446037
118100.437895 0.451244
117530.812150 0.454309
117130.052974 0.456535
116827.009402 0.458157
116590.074497 0.459388
116405.217280 0.460514
116260.787575 0.461348
116142.463731 0.462008
116047.304338 0.462689
115968.203391 0.463117
115908.361748 0.463477
115861.837396 0.463764
115822.788672 0.463990
115797.463725 0.464025
115775.784257 0.464095
115764.040196 0.464095
115754.311708 0.464212
115750.509318 0.464132
115748.791138 0.464223
115752.769453 0.464146
115765.160485 0.464138
115776.732287 0.464013
115790.971987 0.463920
115800.426138 0.463786
