374542.090793 0.135111
136279.059901 0.331755
131304.505379 0.363135
129413.820191 0.372499
128432.304400 0.380076
127839.209217 0.386192
127428.258326 0.390863
127085.075685 0.393832
126649.611584 0.393690
126069.425282 0.396038
125733.601775 0.397464
125533.202080 0.398437
125383.960806 0.399367
125265.618438 0.400567
125170.615841 0.401616
125095.423281 0.401945
125038.045984 0.405030
124996.565528 0.404922
124970.806440 0.405248
124955.883865 0.405229
124947.575783 0.405336
124944.769969 0.405348
124945.110760 0.405399
124948.445159 0.405316
124955.499177 0.405098
124961.969147 0.405010
124971.097628 0.405036
124978.943350 0.404934
