299379.992808 0.150580
142600.896500 0.253372
141134.747993 0.262333
140251.928187 0.269128
139579.639093 0.274340
139132.875927 0.277734
138808.203786 0.279940
138567.053368 0.281854
138381.272913 0.283423
138229.546881 0.285300
138083.062433 0.286604
137898.978935 0.291263
137574.437508 0.295412
137248.206330 0.297740
137108.515437 0.298398
137044.370246 0.298679
137012.074744 0.298991
136995.365813 0.298954
136989.152576 0.299056
136986.882595 0.299481
136987.585765 0.299566
136976.926121 0.299822
136942.069648 0.300241
136890.486252 0.300480
136854.579955 0.300780
136835.958593 0.301069
136827.873466 0.301098
136822.507684 0.301262
136811.336600 0.301103
136793.821967 0.301313
136767.055733 0.301390
136732.580504 0.301447
136697.541879 0.302158
136665.845452 0.302870
136641.414744 0.302901
136621.501849 0.303346
136590.065954 0.303139
136501.646791 0.303902
136402.578702 0.304671
136377.994863 0.304135
136380.867057 0.304087
136392.675510 0.304024
136409.101731 0.303749
136425.738703 0.303596
