299301.615970 0.149551
117316.546196 0.452693
109721.396303 0.494730
106203.313792 0.514047
103902.488641 0.526572
102229.062730 0.535950
100915.399837 0.543017
99818.891783 0.549905
98868.077554 0.555661
98027.634669 0.560425
97274.861375 0.564701
96592.985674 0.568700
95971.372418 0.572440
95401.339956 0.575565
94875.267666 0.578656
94387.586228 0.581347
93934.005526 0.584052
93511.729214 0.586318
93118.054689 0.588828
92749.659266 0.591008
92402.956880 0.593132
92075.208130 0.594862
91765.186395 0.596581
91472.269155 0.598189
91195.759987 0.599708
90934.433039 0.601438
90686.312790 0.602553
90450.023258 0.603744
90224.901098 0.604940
90010.463613 0.606426
89806.193920 0.607453
89611.649618 0.608445
89426.590417 0.609696
89251.013714 0.610830
89085.141531 0.611908
88929.240494 0.613022
88783.231155 0.613737
88646.516678 0.614505
88518.145641 0.615262
88397.166050 0.615960
88282.793549 0.616496
88174.558473 0.616987
88072.215401 0.617681
87975.313632 0.618328
87883.319439 0.618784
87795.949626 0.619286
87713.191297 0.619854
87635.162890 0.620341
87561.930665 0.620696
87493.295024 0.621098
87429.056186 0.621240
87369.177150 0.621419
87313.787284 0.621841
87263.159037 0.621620
87217.490668 0.621830
87176.672809 0.622170
87140.413336 0.622397
87108.229344 0.622684
87079.494657 0.622879
87053.590484 0.623007
87030.002397 0.623279
87008.423470 0.623636
86988.660719 0.623651
86970.453249 0.623962
86953.477703 0.623971
86937.468555 0.624076
86922.285473 0.624184
86907.950759 0.624289
86894.688740 0.624374
86883.106249 0.624317
86874.242521 0.624439
86868.996364 0.624496
86867.564637 0.624660
86869.598897 0.624785
86874.491617 0.624751
86881.600282 0.624754
86890.927529 0.624705
86902.607702 0.624856
86915.163316 0.624808
86927.347551 0.624873
86938.929634 0.625009
86950.449026 0.624810
86961.883012 0.625020
86972.331469 0.625128
86981.417024 0.625043
86989.219366 0.625051
86996.863318 0.624796
87005.141127 0.624793
87013.892183 0.624791
