300314.469234 0.168774
141440.048951 0.272159
135675.750460 0.310563
132554.079599 0.340455
131011.809240 0.352439
129842.727294 0.360186
128965.840020 0.367403
128307.873869 0.372635
127706.157240 0.377677
127265.555229 0.381834
126945.240612 0.384848
126602.066441 0.388001
126213.800937 0.390749
125741.601870 0.393211
125404.739610 0.395896
125143.802381 0.397995
124946.876866 0.399276
124804.461521 0.400345
124687.965755 0.401321
124592.676540 0.402070
124505.220525 0.402849
124413.491543 0.403598
124301.380994 0.405022
124208.224369 0.405600
124149.739961 0.406159
124111.708554 0.406797
124078.687757 0.406899
124050.400877 0.407310
124023.557838 0.407460
123997.284514 0.407724
123971.630370 0.407823
123954.642888 0.408013
123937.836774 0.407854
123924.481830 0.408112
123911.623406 0.408263
123898.014405 0.408393
123877.238027 0.408532
123862.074217 0.408674
123849.842486 0.409060
123836.434766 0.409238
123824.827116 0.409332
123815.680131 0.409547
123809.195544 0.409587
123805.100400 0.409596
123804.856574 0.409655
123805.545001 0.409769
123808.941023 0.409890
123814.411493 0.409859
123821.505764 0.409978
123826.619941 0.409871
123839.602269 0.409732
123846.531791 0.409525
123860.637080 0.409442
123875.182483 0.409474
