384086.893279 0.153229
111452.294451 0.489234
103782.103056 0.527743
99496.131026 0.549698
96468.873278 0.566363
94123.106828 0.579586
92197.992870 0.589418
90567.409833 0.598512
89142.338264 0.606389
87879.847498 0.613045
86747.529151 0.618671
85724.181349 0.624379
84794.986774 0.629132
83946.615996 0.633414
83162.594550 0.637381
82432.786521 0.641351
81759.521453 0.644703
81144.378865 0.648146
80583.294562 0.651021
80070.684092 0.653536
79600.002750 0.655961
79167.066226 0.657830
78768.625767 0.659661
78398.644824 0.661525
78051.306087 0.663529
77724.042661 0.665245
77418.376321 0.666510
77131.779708 0.667930
76860.892017 0.669564
76604.349203 0.670667
76359.809505 0.671736
76126.747376 0.672944
75907.005201 0.674305
75705.014142 0.675448
75523.948740 0.676415
75366.218559 0.677107
75230.701915 0.677890
75115.099451 0.678471
75015.941530 0.679200
74928.177091 0.679914
74851.478974 0.680598
74785.910276 0.681094
74727.984524 0.681630
74675.077382 0.682072
74632.910338 0.682240
74602.511375 0.682611
74574.316932 0.682744
74554.566337 0.683153
74528.487608 0.683450
74493.740599 0.683660
74470.071273 0.684035
74475.942318 0.684310
74492.265171 0.684301
74521.750485 0.684471
74559.454946 0.684468
74575.726718 0.684704
74620.361393 0.684809
74638.069966 0.684874
74636.661690 0.684979
74605.296197 0.685302
74615.478921 0.685634
74612.898764 0.685912
74594.288124 0.686181
74574.033893 0.686816
74619.869181 0.686485
74698.577051 0.686666
74766.307998 0.686831
74866.324160 0.686740
74839.440577 0.686845
74840.443525 0.686862
74889.134006 0.686550
74969.999284 0.686641
74924.539097 0.687270
75016.684330 0.687185
75114.113641 0.687009
75225.422668 0.686524
75266.527684 0.687063
75276.084333 0.686652
