155415.039602 0.156542
63885.142867 0.420853
60782.764764 0.471433
59327.111899 0.484121
58607.306103 0.488262
58184.676196 0.493151
57898.499998 0.496023
57689.274301 0.498451
57529.498595 0.500489
57403.672983 0.501840
57303.906265 0.502988
57224.865332 0.503971
57158.773578 0.504625
57106.749185 0.505333
57063.629201 0.505921
57029.652504 0.506261
57002.875530 0.506580
56980.898445 0.506838
56964.167037 0.506975
56950.844852 0.507058
56938.776504 0.507261
56929.320205 0.507420
56920.222237 0.507563
56911.987320 0.507679
56902.996962 0.507777
56898.582292 0.507788
56898.358666 0.507953
56898.207394 0.508047
56901.618199 0.507816
56901.423906 0.507887
56907.922251 0.507981
56909.796106 0.507805
56904.254480 0.507948
