382150.060881 0.151504
140943.672942 0.310512
134057.388341 0.347660
131505.592941 0.364896
130196.043101 0.371101
129410.812941 0.374920
128887.381673 0.379474
128503.132628 0.383235
128178.753089 0.383527
127773.916967 0.385619
127105.252588 0.391143
126707.310005 0.390877
126483.280047 0.391884
126328.990068 0.392887
126219.111624 0.393639
126138.357540 0.394025
126074.451572 0.394697
126020.781407 0.397907
125981.081192 0.397841
125952.808558 0.398043
125932.659040 0.398091
125923.508639 0.398369
125921.866604 0.398253
125920.414007 0.398281
125922.136423 0.398284
125920.456879 0.398301
125920.613858 0.398349
