374542.090793 0.135111
116170.812433 0.465862
109036.306062 0.500268
106073.836058 0.514685
104141.189837 0.522942
102625.761424 0.530693
101329.864960 0.538233
100165.459612 0.545350
99087.841508 0.551322
98073.957561 0.556807
97113.014836 0.562614
96203.353582 0.568008
95347.532339 0.572908
94545.752268 0.577576
93795.033077 0.581441
93090.605172 0.585056
92427.983480 0.588799
91803.893238 0.591967
91215.367965 0.594896
90659.202174 0.597854
90132.075045 0.600534
89630.762759 0.603092
89152.397023 0.605783
88694.784583 0.608431
88256.240928 0.610501
87835.330247 0.612812
87430.622859 0.614985
87041.039984 0.617511
86666.366425 0.619323
86306.954295 0.621362
85962.794076 0.623200
85633.448769 0.624972
85318.342354 0.626960
85016.769524 0.628502
84727.499144 0.630065
84448.961170 0.631542
84179.833005 0.633034
83919.578685 0.634361
83668.185285 0.635405
83425.533519 0.636834
83190.963613 0.638099
82963.855198 0.639258
82744.025906 0.640248
82531.680549 0.641303
82326.927464 0.642389
82129.584280 0.643382
81939.179700 0.644496
81755.042098 0.645494
81577.182396 0.646402
81406.122362 0.647088
81242.017748 0.647885
81085.298581 0.648667
80936.143039 0.649507
80794.007602 0.650233
80658.057469 0.651041
80527.788050 0.651738
80403.142376 0.652453
80283.626715 0.653017
80168.786888 0.653630
80058.304946 0.654200
79951.968435 0.654793
79849.522338 0.655448
79751.215457 0.656097
79657.201832 0.656738
79566.771413 0.657112
79479.514894 0.657387
79395.748186 0.657994
79315.929841 0.658510
79240.314743 0.658944
79169.140415 0.659321
79102.727372 0.659664
79041.282750 0.659917
78984.950087 0.660396
78933.635502 0.660974
78886.842119 0.661318
78843.724017 0.661732
78803.481451 0.661865
78765.687328 0.662117
78729.346315 0.662483
78693.480414 0.662687
78657.028315 0.662860
78620.025400 0.663135
78583.345044 0.663419
78548.091060 0.663725
78514.671061 0.663799
78481.857673 0.664207
78449.170113 0.664369
78417.332279 0.664519
78387.542335 0.664771
78359.640021 0.664995
78332.854379 0.665418
78306.193382 0.665665
78278.190688 0.665727
78247.568053 0.665815
78214.397993 0.665974
78180.188828 0.666121
78147.238178 0.666371
78116.814011 0.666581
78089.396515 0.666790
78065.250173 0.666966
78043.995679 0.667060
78024.777522 0.667298
78006.600438 0.667477
77988.834511 0.667658
77970.398784 0.667718
77950.022058 0.667712
77927.915251 0.667729
77905.795265 0.667715
77885.575832 0.667746
77868.917333 0.667757
77856.531812 0.667752
77848.107692 0.667984
77843.437259 0.667996
77842.577135 0.668154
77845.026998 0.668231
77849.059351 0.668500
77853.979904 0.668461
77859.210365 0.668438
77863.517380 0.668472
77865.313820 0.668415
77862.679118 0.668299
