374542.090793 0.135111
118408.361291 0.454825
111668.652189 0.485743
109109.733569 0.499423
107624.361302 0.507000
106583.466861 0.512674
105775.888973 0.517679
105107.228771 0.520853
104528.703888 0.523972
104012.898511 0.526552
103543.288253 0.528929
103108.950666 0.531158
102702.091267 0.533375
102317.021379 0.535462
101949.475982 0.537748
101596.140898 0.540348
101254.531546 0.542208
100922.904655 0.543876
100600.083503 0.545736
100285.346379 0.547489
99978.159059 0.549301
99678.103918 0.551615
99385.059904 0.553418
99099.206871 0.554966
98821.031108 0.556863
98551.193720 0.558449
98290.372889 0.559969
98039.197221 0.561372
97798.106953 0.562680
97567.253882 0.563879
97346.534976 0.565291
97135.675485 0.566409
96934.304877 0.567514
96741.977918 0.568547
96558.199029 0.569709
96382.460079 0.570739
96214.241187 0.571836
96053.036894 0.572681
95898.373623 0.573518
95749.810686 0.574493
95606.961612 0.575341
95469.472964 0.576070
95336.992651 0.577025
95209.204479 0.577785
95085.879519 0.578591
94966.906372 0.579101
94852.284022 0.579649
94742.021740 0.580383
94636.124478 0.581038
94534.602385 0.581475
94437.413216 0.582019
94344.427973 0.582654
94255.489288 0.583114
94170.408159 0.583519
94088.900565 0.583916
94010.665186 0.584452
93935.499004 0.584900
93863.199131 0.585292
93793.551874 0.585674
93726.427144 0.586088
93661.713167 0.586330
93599.246415 0.586485
93538.882889 0.586936
93480.728171 0.587325
93425.032935 0.587728
93371.825166 0.587739
93321.092388 0.588238
93272.757294 0.588411
93226.635954 0.588635
93182.572296 0.588910
93140.497625 0.589247
93100.410215 0.589420
93062.359954 0.589596
93026.235614 0.589829
92991.558815 0.590183
92958.513946 0.590263
92927.491625 0.590475
92898.201635 0.590714
92870.677211 0.590844
92845.004050 0.591020
92820.914700 0.591136
92798.850478 0.591286
92778.150501 0.591437
92758.425083 0.591570
92739.615938 0.591644
92722.664182 0.591859
92706.266883 0.591970
92692.007882 0.592032
92679.141686 0.592066
92665.993823 0.592174
92653.796542 0.592426
92644.712618 0.592398
92634.551964 0.592384
92626.960694 0.592511
92617.313747 0.592534
92609.353829 0.592503
92601.717836 0.592701
92595.666020 0.592670
92588.410150 0.592755
92584.039852 0.592789
92578.171075 0.592699
92573.047549 0.592704
92569.607447 0.592662
92566.360602 0.592713
92563.204737 0.592662
