299301.615970 0.149551
139659.451397 0.284770
135091.445223 0.319887
131687.446333 0.350533
129716.742499 0.365939
128386.251757 0.376602
126909.580135 0.389272
125458.927440 0.398783
124599.114886 0.403207
123803.186797 0.409854
122992.680216 0.415154
122394.765308 0.419591
121803.385999 0.423658
121306.296217 0.427551
120904.984654 0.430878
120585.855084 0.433787
120319.903074 0.435815
120081.008745 0.437527
119848.455949 0.439064
119589.539472 0.441254
119367.358796 0.442703
119210.910215 0.443999
119091.734713 0.445039
118993.230694 0.445669
118905.182326 0.446182
118802.181066 0.446900
118651.491136 0.448215
118525.857883 0.448907
118432.321233 0.449214
118358.335504 0.449506
118293.809651 0.449735
118239.933275 0.449795
118196.115276 0.450022
118159.372651 0.450473
118129.761604 0.450782
118106.445788 0.450974
118086.926998 0.450986
118073.852262 0.451096
118066.969825 0.451017
118061.319870 0.451150
118056.996518 0.451020
118041.113857 0.451162
118017.358408 0.451125
117981.114801 0.451337
117937.372800 0.451556
117907.987008 0.451868
117883.543320 0.452066
117859.324136 0.452072
117831.770782 0.452202
117809.281162 0.452324
117784.352522 0.452341
117772.463554 0.452662
117766.531284 0.452974
117767.640357 0.452996
117772.896509 0.453107
117778.875561 0.453246
117784.902670 0.453314
117794.130838 0.453311
117805.766690 0.453257
117817.608453 0.456093
117824.203691 0.456031
117837.160288 0.456099
117843.368703 0.456133
117848.829855 0.456175
117850.245877 0.456042
117857.796776 0.456073
117863.288334 0.456056
117871.523337 0.456042
117880.744233 0.455988
