300938.170984 0.160020
121309.900337 0.442164
117935.439641 0.460335
116518.930979 0.466673
115698.603469 0.472084
115144.778173 0.475983
114774.557899 0.478526
114495.730525 0.479808
114281.603546 0.481544
114105.829746 0.482502
113965.248193 0.483475
113860.730836 0.484303
113768.798325 0.484890
113686.892254 0.485426
113622.793507 0.485596
113566.944584 0.486044
113523.075934 0.486535
113482.458233 0.489793
113450.906178 0.489884
113435.144215 0.490170
113406.363585 0.487553
113400.936695 0.490607
113376.555887 0.490899
113382.129263 0.488054
113366.985568 0.487935
113364.804140 0.487845
113365.219739 0.487984
113374.268687 0.487884
