300302.388211 0.177381
123185.531540 0.409723
112328.677941 0.478804
108215.944543 0.500373
105510.183527 0.515961
103331.944927 0.528659
101413.535539 0.539954
99684.692466 0.549785
98137.835232 0.558630
96761.924478 0.566065
95526.222951 0.573294
94406.132000 0.579600
93378.198040 0.585499
92423.421879 0.591542
91531.144857 0.596354
90694.575608 0.601081
89910.599285 0.605420
89174.132597 0.609758
88480.478645 0.613527
87827.314318 0.617304
87208.832453 0.620883
86617.843233 0.623704
86053.030304 0.626498
85515.067271 0.629339
85002.245760 0.629070
84511.161564 0.631684
84038.911093 0.634063
83585.000051 0.636703
83149.796406 0.638912
82733.379181 0.641218
82335.652657 0.643461
81956.217208 0.645520
81594.809659 0.647298
81250.718208 0.649427
80922.217124 0.651256
80608.018387 0.652876
80307.028543 0.654424
80017.522678 0.656012
79738.996283 0.657475
79471.752450 0.659066
79217.570679 0.659894
78977.147361 0.661493
78749.637220 0.662679
78534.564680 0.663804
78330.614308 0.664927
78136.410819 0.665945
77950.608206 0.666918
77771.272059 0.668007
77597.481496 0.668963
77428.483144 0.669856
77264.209563 0.670517
77107.110416 0.671401
76959.690880 0.672119
76822.398834 0.672890
76693.731925 0.673639
76570.796705 0.674149
76450.956413 0.674946
76332.516173 0.675576
76215.225329 0.676160
76099.311348 0.676789
75985.765568 0.677490
75875.777310 0.677969
75769.844968 0.678701
75669.210786 0.678976
75574.645259 0.679656
75486.341776 0.680252
75405.000016 0.680754
75330.591665 0.681051
75260.876803 0.681295
75193.738681 0.681389
75128.267047 0.681672
75064.950023 0.682194
75003.060308 0.682574
74942.752764 0.682912
74884.132273 0.683243
74827.788615 0.683499
74776.283423 0.683839
74729.613652 0.684176
74683.246035 0.684392
74632.661486 0.684780
74577.506525 0.685243
74520.254112 0.685659
74463.723593 0.686093
74410.878764 0.686632
74361.902676 0.686913
74316.634480 0.687236
74276.283053 0.687540
74241.772315 0.687650
74212.690460 0.687925
74188.579406 0.688178
74170.968464 0.688248
74159.660277 0.688268
74156.086025 0.688299
74157.895904 0.688334
74158.403372 0.688263
74156.244815 0.688328
74151.187160 0.688370
74142.068006 0.688407
74130.887987 0.688342
74122.762734 0.688526
74121.398507 0.688833
74121.287882 0.688759
74116.006941 0.689099
74110.065774 0.689059
74103.023806 0.689108
74091.384068 0.689357
74073.387786 0.689522
74045.753020 0.689794
74012.184603 0.690032
73980.498218 0.690406
73955.602315 0.690398
73936.234079 0.690551
73921.196093 0.690758
73914.292801 0.690826
73912.801311 0.690874
73916.746328 0.690596
73925.353787 0.690730
73933.006201 0.690894
73934.579972 0.690979
73927.593775 0.691232
73915.515617 0.691331
73902.381970 0.691634
73891.100588 0.691643
73888.915433 0.691518
73897.216847 0.691379
73903.865860 0.691532
73902.636846 0.691529
73905.594818 0.691799
73917.743529 0.691748
73935.268953 0.691807
73954.366431 0.691816
73971.254828 0.691734
73988.573232 0.691643
74002.460265 0.691660
74012.313688 0.691745
74016.295434 0.691583
