384086.893279 0.153229
113278.974043 0.479113
106830.866946 0.510553
103441.375085 0.528713
101101.846280 0.541979
99335.920363 0.551890
97918.939546 0.559898
96729.829449 0.566315
95698.674438 0.571782
94780.558931 0.577244
93950.482138 0.581600
93196.262028 0.585657
92506.173164 0.589318
91869.307998 0.592948
91281.406405 0.595982
90738.071845 0.599184
90233.892290 0.601739
89764.980463 0.604291
89328.258287 0.606846
88921.297267 0.609248
88542.125422 0.611414
88188.629606 0.613660
87859.029445 0.615574
87551.241360 0.617375
87262.920178 0.618940
86991.988464 0.620389
86737.557251 0.621875
86501.627921 0.623339
86283.643649 0.624456
86081.640882 0.625678
85894.476032 0.626807
85720.344695 0.627635
85557.460581 0.628420
85404.329041 0.629206
85259.403819 0.630003
85121.518402 0.630850
84990.137806 0.631667
84865.798920 0.632464
84749.640682 0.633267
84642.450070 0.633666
84544.348524 0.634333
84454.791388 0.634747
84373.031570 0.635240
84298.255573 0.635113
84229.786499 0.635535
84166.931723 0.635725
84108.904686 0.636236
84054.972891 0.636562
84004.640844 0.636848
83958.050957 0.637251
83915.671961 0.637588
83877.769159 0.637710
83844.019339 0.637775
83814.621481 0.638096
83789.082999 0.638340
83766.071922 0.638464
83744.812951 0.638663
83725.009453 0.638793
83706.226696 0.638952
83688.859577 0.639273
83674.512171 0.639440
83663.748606 0.639414
83655.612677 0.639372
83649.259623 0.639587
83643.294238 0.639471
83639.863751 0.639616
83636.801384 0.639638
83636.419059 0.639599
83637.930112 0.639400
83642.693384 0.639389
83649.400244 0.639590
83657.926026 0.639528
