300302.388211 0.177381
143084.476253 0.250230
141807.598814 0.258667
141020.681211 0.264276
140381.038434 0.269720
139901.066604 0.273926
139539.920529 0.277451
139264.966730 0.279195
139052.215032 0.280493
138881.872167 0.281801
138729.773693 0.283150
138576.299339 0.286514
138393.478850 0.289758
138045.277782 0.292585
137815.896781 0.292934
137713.560500 0.293373
137657.573710 0.293580
137624.663153 0.294774
137597.136855 0.295131
137575.623652 0.295628
137548.222532 0.295721
137511.756479 0.295917
137479.784956 0.296288
137453.927744 0.296362
137437.600298 0.296535
137428.334180 0.296507
137425.885011 0.296510
137426.722297 0.296458
137426.790119 0.296436
137431.066032 0.296396
