382150.060881 0.151504
118433.546630 0.456419
111288.454443 0.487941
108648.546940 0.500827
107095.631145 0.508483
105989.236896 0.514401
105112.690837 0.519647
104371.912329 0.523646
103720.435595 0.527536
103132.990224 0.530749
102595.294817 0.534005
102098.466770 0.536985
101634.826093 0.539829
101197.423421 0.542276
100780.671858 0.544681
100380.977328 0.547021
99996.568803 0.549006
99626.942272 0.551422
99271.892083 0.553339
98931.100174 0.555210
98604.406954 0.557028
98292.092010 0.558860
97994.647159 0.560958
97712.292234 0.562600
97444.720244 0.564061
97191.168463 0.565751
96950.627689 0.567149
96721.968906 0.568632
96503.986171 0.569692
96295.609476 0.570968
96096.013676 0.572100
95904.542650 0.573203
95720.787783 0.574391
95544.560160 0.575466
95375.838384 0.576413
95214.628982 0.577207
95060.813556 0.577936
94914.214330 0.578784
94774.461528 0.579589
94641.168733 0.580244
94513.971208 0.580998
94392.494403 0.581704
94276.338680 0.582413
94165.228502 0.582927
94058.911748 0.583361
93957.047170 0.583996
93858.653993 0.584574
93763.640067 0.585070
93673.101517 0.585510
93588.196189 0.585969
93506.999426 0.586531
93428.601749 0.586922
93353.752901 0.587416
93282.226830 0.587841
93213.832039 0.588156
93149.321991 0.588746
93088.981824 0.589083
93032.802186 0.589355
92980.459595 0.589766
92931.547189 0.590152
92886.530860 0.590404
92843.761586 0.590702
92802.329405 0.590847
92763.197954 0.591204
92726.241986 0.591434
92691.528627 0.591828
92659.320521 0.592234
92626.601676 0.592378
92595.509754 0.592650
92566.678959 0.592690
92538.792949 0.592696
92513.093689 0.593053
92488.702047 0.593212
92463.421632 0.593303
92437.892500 0.593512
92412.628153 0.593566
92389.767659 0.593649
92365.071592 0.593841
92340.155115 0.594074
92314.650056 0.594173
92291.409736 0.594253
92268.889071 0.594511
92244.403976 0.594667
92223.975304 0.594791
92200.384722 0.594959
92181.957915 0.594996
92163.407296 0.595081
92143.594282 0.595129
92127.124404 0.595225
92114.031845 0.595237
92099.731377 0.595324
92087.273812 0.595401
92074.876247 0.595378
92064.789553 0.595378
92056.565351 0.595514
92047.866145 0.595540
92041.666838 0.595594
92029.150611 0.595676
92025.433511 0.595716
92023.198238 0.595781
92019.099699 0.595730
92018.855461 0.595727
92014.944036 0.595892
92012.929911 0.595894
92016.085472 0.595900
92008.544074 0.595965
92009.389615 0.596028
92007.489785 0.595968
92006.582877 0.595809
92009.909146 0.595923
92007.348352 0.595945
92013.124793 0.595914
