300876.132964 0.161571
120204.907944 0.469149
114271.662165 0.492180
111263.680149 0.504782
109378.386016 0.512995
108125.033228 0.519194
107229.045090 0.523408
106562.434668 0.526555
106068.295441 0.528829
105695.577235 0.530698
105397.619930 0.532462
105158.141695 0.533350
104959.039943 0.533928
104790.648840 0.535462
104656.133951 0.536285
104575.738495 0.536752
104493.803860 0.536838
104470.523728 0.537050
104428.160283 0.537107
104422.707189 0.537373
104423.544475 0.537481
104433.367940 0.537629
104458.456456 0.537711
104495.492703 0.537510
104542.245282 0.537734
104579.270051 0.537637
104624.311448 0.537447
104700.619747 0.537203
104743.295590 0.537419
104809.772993 0.537311
