374542.090793 0.135111
115931.018937 0.466960
108738.702882 0.501686
105712.440180 0.516780
103700.070933 0.525429
102098.136869 0.533775
100713.223230 0.542322
99459.512627 0.549289
98295.730589 0.555687
97203.211218 0.561976
96177.438884 0.567982
95221.962957 0.573577
94338.147996 0.578659
93520.816763 0.582867
92762.265285 0.587146
92054.880423 0.590904
91391.777886 0.594366
90766.681463 0.597329
90174.128859 0.600477
89610.884237 0.603559
89074.177056 0.606401
88561.474588 0.608927
88071.090899 0.611474
87601.859906 0.614001
87153.565960 0.616575
86724.815520 0.619068
86313.406829 0.621178
85917.533563 0.623395
85536.517222 0.625420
85170.319489 0.627283
84818.587139 0.629047
84480.673387 0.630666
84155.937652 0.632617
83844.134891 0.634242
83544.551753 0.635895
83255.453882 0.637534
82975.813176 0.638742
82706.368084 0.640200
82448.254596 0.641518
82201.366051 0.642823
81964.963561 0.643935
81738.557545 0.644947
81521.799394 0.645917
81314.249790 0.646980
81115.259123 0.648174
80923.254592 0.649183
80737.714802 0.649943
80558.914640 0.650987
80386.399811 0.651917
80219.679851 0.652711
80058.651822 0.653434
79903.328281 0.654276
79753.945037 0.655215
79611.375737 0.655958
79475.760065 0.656599
79346.291946 0.657572
79222.271661 0.658178
79103.829660 0.658862
78991.764628 0.659395
78886.593740 0.660002
78787.804846 0.660756
78695.347302 0.661394
78609.061509 0.662035
78527.413116 0.662534
78448.650619 0.662662
78371.627722 0.663263
78296.793875 0.663595
78225.040652 0.664201
78157.848701 0.664604
78097.409248 0.665072
78044.480807 0.665390
77996.936783 0.665996
77953.668022 0.666260
77913.849032 0.666498
77876.206685 0.666581
77842.405059 0.666972
77812.773463 0.667380
77785.109391 0.667786
77758.400373 0.668033
77730.263137 0.667967
77701.068192 0.667698
77672.895631 0.667999
77651.723022 0.668146
77638.084754 0.668106
77625.893247 0.668347
77612.635526 0.668651
77595.971958 0.669048
77576.283188 0.669226
77556.292254 0.669314
77538.838154 0.669362
77525.567606 0.669612
77518.654109 0.669867
77517.984080 0.669927
77521.432744 0.670080
77526.739764 0.670077
77538.443976 0.670046
77562.879227 0.670239
77593.130653 0.670429
77619.452798 0.670534
77642.796801 0.670548
77657.622162 0.670474
77669.142354 0.670519
77683.718305 0.670641
77706.844674 0.670834
77732.165811 0.670769
77758.547415 0.670568
77781.858712 0.670415
77801.684340 0.670709
77836.019270 0.670797
