155415.039602 0.156542
61430.012895 0.452660
57342.388358 0.504454
55621.897541 0.519625
54577.738728 0.529555
53821.760261 0.536811
53225.088232 0.542320
52738.430776 0.543687
52332.651217 0.547681
51989.254888 0.551207
51695.401835 0.553997
51442.216843 0.556562
51220.532855 0.558775
51023.222771 0.560874
50845.955724 0.562214
50686.067844 0.563340
50541.482823 0.565218
50410.472857 0.566838
50292.288743 0.568168
50186.215143 0.569425
50091.001103 0.570782
50005.168839 0.571721
49927.339851 0.572408
49857.052272 0.572814
49793.808796 0.574034
49737.097371 0.574814
49685.996962 0.575225
49639.861626 0.575604
49598.520126 0.575791
49561.904793 0.576373
49529.705977 0.576692
49500.996192 0.577170
49474.951454 0.577406
49451.813584 0.577461
49432.308157 0.577873
49416.347054 0.578082
49403.510021 0.578378
49393.337775 0.578625
49385.465710 0.578807
49379.781639 0.578872
49376.445388 0.578949
49375.279433 0.579081
49376.021693 0.579010
49378.500329 0.578933
49382.334470 0.578938
49387.273541 0.579065
49393.253210 0.579240
49400.223781 0.579197
49408.124586 0.579405
49417.013250 0.579345
49427.103780 0.579361
49438.100739 0.579284
49449.511797 0.579219
49461.142841 0.579070
