300876.132964 0.161571
120368.891853 0.452597
115275.350066 0.474352
112925.745574 0.485511
111618.020562 0.492112
110743.242497 0.496874
110148.044901 0.499171
109704.450802 0.501677
109388.003734 0.503770
109148.996045 0.504981
108954.750868 0.505837
108814.384637 0.506748
108710.431178 0.507570
108623.826274 0.507794
108557.254747 0.508202
108501.732337 0.508270
108482.816184 0.508597
108475.217414 0.508551
108476.055043 0.508446
108469.947507 0.508321
108491.553417 0.508387
108506.353073 0.508304
