300938.170984 0.160020
116224.539087 0.480075
111768.840776 0.501439
109590.164811 0.509064
108182.596071 0.515541
107187.232196 0.520481
106454.464961 0.524627
105903.778346 0.527817
105484.807398 0.530054
105161.188320 0.531821
104907.227972 0.533267
104707.674477 0.534263
104546.095016 0.535167
104411.384218 0.536160
104303.971510 0.537212
104220.224104 0.537722
104148.145975 0.538048
104095.565640 0.538380
104057.018972 0.538525
104018.328879 0.538797
103998.001075 0.538888
103986.536897 0.538426
103969.802586 0.538451
103967.443791 0.538380
103973.359033 0.538326
103969.010949 0.538550
