299379.992808 0.150580
135930.737455 0.299016
128439.284414 0.370287
123932.302247 0.405912
120791.452407 0.426962
117312.312521 0.449954
114869.292654 0.463472
113311.984415 0.472631
112132.754967 0.479777
111116.633631 0.485392
110224.866522 0.490907
109468.929954 0.495651
108820.409895 0.499349
108240.138525 0.502695
107701.716667 0.506064
107193.672021 0.508849
106711.011483 0.511571
106253.237878 0.513987
105820.078639 0.516406
105408.649311 0.518955
105014.823630 0.521309
104634.843130 0.523382
104265.840524 0.525557
103905.945986 0.528061
103554.358122 0.530216
103210.986070 0.532139
102875.754237 0.534110
102548.354721 0.536251
102229.050291 0.538287
101918.262143 0.539909
101615.717000 0.541497
101321.346456 0.543122
101035.362698 0.544539
100757.920440 0.546264
100489.071694 0.547834
100229.064005 0.549088
99978.476126 0.550605
99738.264304 0.552213
99509.539628 0.553560
99292.653222 0.554864
99087.023520 0.556155
98891.867467 0.557411
98706.615782 0.558471
98530.581104 0.559504
98362.800095 0.560510
98202.249044 0.561457
98048.010706 0.562237
97899.350386 0.563201
97755.688312 0.564185
97616.705626 0.565098
97482.111775 0.566119
97351.554162 0.566797
97224.881641 0.567384
97102.246352 0.568093
96983.876329 0.568776
96869.845182 0.569412
96760.042928 0.570183
96654.217800 0.570631
96552.095814 0.571280
96453.373929 0.571822
96357.644816 0.572222
96264.535008 0.572882
96173.659419 0.573458
96084.611435 0.574054
95997.162590 0.574394
95911.545231 0.574992
95828.296232 0.575591
95747.809439 0.575945
95670.108698 0.576410
95595.153101 0.576847
95522.906233 0.577261
95453.168074 0.577723
95385.605938 0.578072
95319.996167 0.578480
95256.275055 0.578699
95194.560245 0.578993
95134.824109 0.579450
95076.849663 0.579938
95020.377655 0.580332
94965.243994 0.580709
94911.436952 0.581126
94859.053976 0.581475
94808.194143 0.581889
94758.942643 0.582016
94711.438498 0.582306
94665.836243 0.582586
94622.319451 0.582912
94581.085120 0.583244
94542.198708 0.583516
94505.486844 0.583809
94470.774584 0.584347
94438.906892 0.584526
94408.954785 0.584750
94382.408754 0.584951
94357.748388 0.585229
94335.402763 0.585482
94315.145217 0.585734
94295.305339 0.586001
94277.730719 0.585975
94261.485524 0.586145
94248.014641 0.586091
94234.424961 0.586023
94221.950225 0.586020
94212.083477 0.586123
94203.488516 0.586054
