377015.453578 0.140561
122324.047870 0.428164
119005.532755 0.446639
117643.942452 0.454295
116873.530457 0.458654
116377.680670 0.461373
116034.404500 0.463060
115787.029887 0.464268
115601.635884 0.465278
115457.672298 0.466044
115347.386042 0.466665
115262.035064 0.467269
115196.989551 0.467734
115149.323444 0.468009
115109.690099 0.468173
115081.633334 0.468264
115061.426346 0.468403
115046.604485 0.468403
115035.736918 0.468582
115030.902376 0.468488
115026.096069 0.468462
115023.732503 0.468434
115025.842245 0.468241
115026.266536 0.468156
