382150.060881 0.151504
115093.768701 0.470447
107133.404850 0.508665
103590.377933 0.525602
101067.573821 0.539866
98975.336348 0.551583
97144.359560 0.562251
95506.241996 0.571127
94020.404006 0.579535
92666.360767 0.587288
91433.882870 0.594199
90310.005228 0.600233
89276.823529 0.605924
88315.416355 0.611165
87413.346155 0.615566
86562.178167 0.619547
85758.124421 0.623710
84999.635449 0.627405
84284.887958 0.631151
83610.114955 0.634324
82970.136476 0.637619
82361.433433 0.640730
81781.813112 0.643608
81229.207515 0.646529
80700.569884 0.649399
80193.408738 0.651730
79706.747866 0.653936
79241.580913 0.656210
78798.474780 0.658349
78376.967533 0.660368
77976.507054 0.662372
77596.209927 0.664377
77234.531357 0.666121
76889.102803 0.667848
76556.657130 0.669513
76236.145264 0.670968
75929.246079 0.672448
75635.577443 0.673917
75354.948334 0.675028
75086.660844 0.676174
74829.222196 0.677322
74582.474932 0.678576
74348.525458 0.679940
74128.691545 0.681060
73921.588810 0.682169
73724.275650 0.682844
73534.210225 0.683791
73351.469992 0.684568
73177.423521 0.685560
73013.361802 0.686218
72860.781913 0.687040
72719.403750 0.687653
72586.776640 0.688600
72459.299863 0.689417
72336.047497 0.690157
72218.550519 0.690991
72107.767837 0.691833
72003.736994 0.692278
71905.316328 0.692760
71812.174388 0.693424
71724.290365 0.693738
71640.859936 0.694308
71561.706743 0.694884
71486.650676 0.695377
71413.771819 0.695905
71346.335873 0.696339
71281.268583 0.697008
71219.840886 0.697331
71163.743390 0.697493
71117.084132 0.698018
71074.214272 0.698159
71036.171789 0.698485
71005.175902 0.698644
70979.976493 0.698800
70968.123034 0.698922
70963.704493 0.699152
70962.059316 0.699396
70968.671163 0.699654
70968.736265 0.699784
70976.720996 0.699892
71000.293290 0.699969
71026.364727 0.700357
71036.769943 0.700493
71027.995314 0.700686
71015.973027 0.701023
71032.555625 0.700992
71046.699852 0.701307
71080.412128 0.701432
71155.584224 0.701454
71167.371412 0.701491
71216.097190 0.701267
71243.580494 0.701287
71211.324496 0.701755
71261.900011 0.704267
71356.635782 0.704653
71308.046866 0.701937
71311.867413 0.702132
71369.733915 0.701891
71264.443784 0.702467
71275.668347 0.702178
