300952.606079 0.158597
116234.562806 0.481427
111061.690700 0.504130
108566.706562 0.515224
107006.224359 0.523237
105940.537228 0.528744
105177.232382 0.533058
104614.098302 0.536100
104191.237233 0.538684
103872.439693 0.541043
103630.193559 0.542362
103448.646457 0.543246
103314.883521 0.544423
103218.471184 0.545441
103152.475784 0.545974
103111.296654 0.546683
103090.904570 0.547355
103088.081855 0.547687
103100.901014 0.548112
103126.803186 0.548464
103163.697217 0.548748
103210.768739 0.548904
103266.814908 0.548427
103330.913111 0.548464
103402.231342 0.548779
103481.664069 0.548827
103566.327769 0.548816
