300952.606079 0.158597
117018.970438 0.466923
113243.281664 0.484053
111522.573317 0.492895
110520.502977 0.497795
109869.252150 0.501275
109397.677341 0.504022
109063.044730 0.505905
108797.512138 0.507252
108591.138909 0.509039
108431.751071 0.509694
108297.820797 0.510264
108204.841361 0.510766
108125.272667 0.510979
108070.863749 0.511441
108030.046520 0.511537
108003.478562 0.511707
107987.917444 0.511815
107982.942322 0.512014
107978.146163 0.512402
107982.483067 0.512286
107999.199325 0.512039
108024.201961 0.511441
108048.398153 0.511271
108074.855063 0.511580
